3 270 50 70 90 130 160 640 
4 80 70 90 50 190 150 970 
5 120 80 110 110 210 140 700 
6 130 100 150 130 220 200 820 
7 140 130 190 240 310 190 1080 
8 170 130 230 210 370 250 1230 
9 290 200 340 340 410 240 1500 
10 240 190 350 330 440 360 1700 
11 270 210 400 320 550 430 1810 
12 350 290 510 500 600 370 1930 
13 410 280 580 590 620 470 2250 
14 450 400 700 740 630 470 2480 
15 550 420 880 800 680 480 2570 
16 560 520 920 930 730 470 2750 
17 610 390 820 790 800 510 2720 
18 630 430 1040 900 800 470 3070 
19 700 540 1130 1030 860 560 3320 
20 800 630 1220 1220 910 840 3390 
21 870 670 1360 1300 1000 590 3530 
22 890 740 1620 1440 970 690 3820 
23 980 820 1640 1640 1090 770 3770 
24 1070 770 2090 1630 1130 1020 4170 
25 1270 760 1760 1750 1230 830 4210 
26 1250 820 1890 1830 1320 850 4590 
27 1440 1130 2300 2230 1350 1200 4840 
28 1670 1230 2690 2560 1470 1040 5090 
29 1730 1240 2690 2830 1550 930 5300 
30 1740 1160 2780 2490 1460 1060 5480 
31 1840 1410 3550 3050 1660 1090 5710 
32 1980 1590 3750 3190 1780 1190 5730 
33 2090 1720 3620 3680 1710 1150 6410 
34 2210 1840 4100 3810 1750 1390 6540 
35 2390 1820 4160 3900 1910 1590 6680 
36 2520 1920 4360 3990 1990 1550 6790 
37 2670 2080 4480 4160 1980 1510 7200 
38 2790 1940 4450 4310 2110 1430 7160 
39 2870 2120 5340 4500 2140 1290 7570 
40 3010 2320 5500 5100 2300 1730 7480 
41 3130 2310 5290 5200 2260 1460 7870 
42 3320 2550 5690 5580 2310 1670 7780 
43 3500 2650 6160 5810 2370 1580 8020 
44 3640 2600 6020 5700 2510 1430 8420 
45 3790 2860 6310 6300 2500 1700 8460 
46 3900 3000 6840 6640 2350 2130 8730 
47 4020 3020 6830 6780 2580 1800 9080 
48 4280 3550 7630 7460 2580 1860 9900 
49 4410 3340 7570 7220 2660 1950 9740 
50 6140 3770 7990 7940 2940 2190 9920 
